scene23 127 (1080,1920,3)
scene3 189 (1080,1920,3)
scene10 102 (1080,1920,3)
scene27 63 (1080,1920,3)
scene1 50 (1080,1920,3)
scene9 178 (1080,1920,3)
scene28 95 (1080,1920,3)
scene14 101 (1080,1920,3)
scene16 99 (1080,1920,3)
scene20 81 (1080,1920,3)
scene29 175 (1080,1920,3)
scene21 108 (1080,1920,3)
scene24 159 (1080,1920,3)
scene30 243 (1080,1920,3)
scene26 143 (1080,1920,3)
scene7 116 (1080,1920,3)
scene4 133 (1080,1920,3)
scene2 50 (1080,1920,3)
scene17 102 (1080,1920,3)
scene15 99 (1080,1920,3)
scene13 175 (1080,1920,3)
scene8 214 (1080,1920,3)
scene5 66 (1080,1920,3)
scene12 248 (1080,1920,3)
scene11 160 (1080,1920,3)
